./data/box/56.jpg 734,181,1055,914,0
./data/box/426.jpg 680,85,1009,789,0
./data/box/88.jpg 780,210,997,881,0
./data/box/53.jpg 743,193,1034,910,0
./data/box/155.jpg 793,214,1043,823,0
./data/box/308.jpg 880,143,1163,802,0
./data/box/613.jpg 751,252,1038,964,0
./data/box/264.jpg 938,127,1238,789,0
./data/box/647.jpg 772,114,1038,814,0
./data/box/694.jpg 730,160,1068,839,0
./data/box/450.jpg 672,73,1013,785,0
./data/box/388.jpg 872,139,1209,952,0
./data/box/263.jpg 938,114,1218,823,0
./data/box/124.jpg 776,193,1051,889,0
./data/box/187.jpg 772,135,1080,818,0
./data/box/227.jpg 843,131,1101,843,0
./data/box/294.jpg 930,148,1201,818,0
./data/box/524.jpg 659,77,972,760,0
./data/box/346.jpg 788,185,1055,835,0
./data/box/160.jpg 797,181,1047,831,0
./data/box/252.jpg 884,123,1193,802,0
./data/box/705.jpg 768,135,1030,814,0
./data/box/14.jpg 747,214,1018,923,0
./data/box/284.jpg 926,139,1226,781,0
./data/box/595.jpg 763,143,1088,893,0
./data/box/107.jpg 784,198,1030,893,0
./data/box/441.jpg 672,118,997,818,0
./data/box/607.jpg 784,223,1022,939,0
./data/box/329.jpg 830,193,1088,856,0
./data/box/130.jpg 805,164,1047,856,0
./data/box/502.jpg 722,118,1068,827,0
./data/box/381.jpg 909,198,1238,960,0
./data/box/666.jpg 801,160,1047,877,0
./data/box/353.jpg 776,160,1051,848,0
./data/box/48.jpg 734,214,1026,898,0
./data/box/29.jpg 751,198,1059,914,0
./data/box/586.jpg 763,102,1051,860,0
./data/box/539.jpg 593,60,880,768,0
./data/box/151.jpg 809,193,1043,835,0
./data/box/183.jpg 780,173,1072,839,0
./data/box/462.jpg 663,118,988,798,0
./data/box/168.jpg 788,164,1055,835,0
./data/box/574.jpg 755,102,1030,848,0
./data/box/5.jpg 726,218,1018,935,0
./data/box/608.jpg 730,239,1038,952,0
./data/box/646.jpg 759,93,1030,802,0
./data/box/559.jpg 709,81,1009,810,0
./data/box/569.jpg 776,110,1018,827,0
./data/box/406.jpg 768,152,1093,906,0
./data/box/417.jpg 759,148,1080,860,0
./data/box/181.jpg 797,164,1043,827,0
./data/box/428.jpg 672,81,984,764,0
./data/box/236.jpg 805,139,1088,814,0
./data/box/102.jpg 788,206,1026,881,0
./data/box/382.jpg 926,193,1234,956,0
./data/box/467.jpg 676,118,1005,793,0
./data/box/576.jpg 776,110,1026,839,0
./data/box/438.jpg 655,110,1034,814,0
./data/box/22.jpg 734,214,1034,923,0
./data/box/39.jpg 743,218,1022,902,0
./data/box/201.jpg 834,152,1113,843,0
./data/box/85.jpg 759,210,1013,881,0
./data/box/537.jpg 576,56,893,727,0
./data/box/674.jpg 776,131,1013,827,0
./data/box/38.jpg 734,206,1034,927,0
./data/box/275.jpg 934,106,1218,806,0
./data/box/517.jpg 747,114,1034,789,0
./data/box/580.jpg 759,85,1051,885,0
./data/box/230.jpg 818,160,1097,835,0
./data/box/283.jpg 930,135,1234,768,0
./data/box/558.jpg 734,56,1005,802,0
./data/box/525.jpg 643,89,988,764,0
./data/box/510.jpg 768,106,1072,823,0
./data/box/675.jpg 759,135,1018,839,0
./data/box/199.jpg 847,135,1122,831,0
./data/box/358.jpg 768,160,1068,881,0
./data/box/290.jpg 947,118,1201,768,0
./data/box/503.jpg 730,110,1088,802,0
./data/box/637.jpg 738,185,1030,889,0
./data/box/49.jpg 722,202,1043,906,0
./data/box/163.jpg 788,173,1059,831,0
./data/box/395.jpg 822,135,1163,939,0
./data/box/134.jpg 813,177,1076,835,0
./data/box/327.jpg 838,181,1088,852,0
./data/box/78.jpg 755,202,1005,893,0
./data/box/115.jpg 780,210,1030,893,0
./data/box/343.jpg 784,185,1084,877,0
./data/box/184.jpg 801,152,1080,843,0
./data/box/504.jpg 734,85,1080,823,0
./data/box/69.jpg 738,198,1047,910,0
./data/box/156.jpg 801,202,1055,839,0
./data/box/704.jpg 759,135,1038,827,0
./data/box/317.jpg 876,164,1126,843,0
./data/box/691.jpg 718,160,1051,860,0
./data/box/186.jpg 793,143,1068,810,0
./data/box/619.jpg 734,223,1051,927,0
./data/box/478.jpg 693,127,1030,802,0
./data/box/642.jpg 743,148,1009,827,0
./data/box/45.jpg 718,206,1030,906,0
./data/box/662.jpg 780,189,1076,856,0
./data/box/323.jpg 843,193,1113,848,0
./data/box/424.jpg 688,98,1038,789,0
./data/box/679.jpg 730,135,1018,860,0
./data/box/493.jpg 709,123,1001,781,0
./data/box/318.jpg 847,168,1134,831,0
./data/box/408.jpg 763,156,1105,927,0
./data/box/706.jpg 768,135,1022,818,0
./data/box/457.jpg 663,73,993,814,0
./data/box/645.jpg 718,81,1063,814,0
./data/box/132.jpg 822,168,1072,852,0
./data/box/171.jpg 780,177,1063,827,0
./data/box/143.jpg 809,173,1047,843,0
./data/box/333.jpg 826,189,1076,860,0
./data/box/507.jpg 763,114,1076,814,0
./data/box/374.jpg 926,189,1234,943,0
./data/box/271.jpg 934,106,1251,802,0
./data/box/268.jpg 943,110,1238,785,0
./data/box/324.jpg 847,173,1097,843,0
./data/box/685.jpg 734,156,1022,873,0
./data/box/543.jpg 597,64,913,743,0
./data/box/632.jpg 738,223,1034,923,0
./data/box/261.jpg 926,118,1234,785,0
./data/box/561.jpg 747,73,988,831,0
./data/box/75.jpg 747,193,1013,910,0
./data/box/512.jpg 751,102,1109,831,0
./data/box/431.jpg 643,85,1001,785,0
./data/box/659.jpg 805,177,1043,852,0
./data/box/28.jpg 755,206,1030,914,0
./data/box/698.jpg 772,152,1018,835,0
./data/box/497.jpg 697,102,1026,793,0
./data/box/248.jpg 884,143,1172,810,0
./data/box/492.jpg 676,114,1030,781,0
./data/box/50.jpg 730,202,1047,927,0
./data/box/387.jpg 888,173,1218,927,0
./data/box/301.jpg 913,156,1184,814,0
./data/box/79.jpg 759,206,1001,906,0
./data/box/683.jpg 718,152,1034,898,0
./data/box/560.jpg 734,64,1018,818,0
./data/box/373.jpg 926,181,1197,964,0
./data/box/422.jpg 722,98,1059,827,0
./data/box/43.jpg 734,214,1018,889,0
./data/box/564.jpg 763,98,1018,814,0
./data/box/273.jpg 934,118,1243,793,0
./data/box/128.jpg 809,181,1043,852,0
./data/box/57.jpg 734,214,1055,898,0
./data/box/416.jpg 780,139,1080,868,0
./data/box/260.jpg 922,110,1213,798,0
./data/box/326.jpg 822,189,1105,843,0
./data/box/615.jpg 759,248,1047,931,0
./data/box/97.jpg 780,210,1009,877,0
./data/box/623.jpg 747,210,1043,960,0
./data/box/474.jpg 684,106,1047,814,0
./data/box/231.jpg 805,135,1118,831,0
./data/box/624.jpg 713,248,1076,935,0
./data/box/716.jpg 768,148,1009,827,0
./data/box/302.jpg 893,148,1184,802,0
./data/box/454.jpg 651,68,1013,802,0
./data/box/72.jpg 759,206,1013,877,0
./data/box/254.jpg 905,118,1213,798,0
./data/box/379.jpg 934,202,1247,960,0
./data/box/182.jpg 793,164,1084,856,0
./data/box/93.jpg 772,210,1009,868,0
./data/box/332.jpg 818,189,1088,843,0
./data/box/519.jpg 713,93,1013,827,0
./data/box/144.jpg 788,181,1026,814,0
./data/box/463.jpg 659,106,1018,785,0
./data/box/222.jpg 818,148,1109,835,0
./data/box/490.jpg 684,114,1009,806,0
./data/box/401.jpg 788,143,1105,923,0
./data/box/663.jpg 780,181,1080,873,0
./data/box/157.jpg 801,198,1051,831,0
./data/box/371.jpg 918,189,1180,918,0
./data/box/673.jpg 780,131,1022,860,0
./data/box/24.jpg 738,218,1047,914,0
./data/box/396.jpg 818,143,1143,952,0
./data/box/335.jpg 801,189,1068,835,0
./data/box/407.jpg 772,148,1072,923,0
./data/box/677.jpg 734,127,1051,856,0
./data/box/250.jpg 893,118,1151,806,0
./data/box/605.jpg 734,210,1080,935,0
./data/box/650.jpg 784,110,1034,781,0
./data/box/713.jpg 763,131,1034,818,0
./data/box/2.jpg 730,218,1009,910,0
./data/box/17.jpg 747,210,1034,918,0
./data/box/443.jpg 688,114,1005,802,0
./data/box/602.jpg 705,206,1122,898,0
./data/box/173.jpg 805,168,1059,814,0
./data/box/606.jpg 705,231,1080,931,0
./data/box/689.jpg 722,164,1022,848,0
./data/box/108.jpg 780,214,1026,893,0
./data/box/40.jpg 726,210,1009,898,0
./data/box/121.jpg 788,206,1038,877,0
./data/box/247.jpg 859,127,1176,823,0
./data/box/127.jpg 813,189,1055,856,0
./data/box/566.jpg 780,98,1034,798,0
./data/box/314.jpg 872,148,1147,806,0
./data/box/344.jpg 788,181,1063,852,0
./data/box/274.jpg 951,118,1226,802,0
./data/box/166.jpg 776,177,1055,827,0
./data/box/342.jpg 784,177,1043,852,0
./data/box/117.jpg 801,210,1018,868,0
./data/box/655.jpg 805,131,1034,798,0
./data/box/515.jpg 763,110,1047,823,0
./data/box/487.jpg 680,102,1001,823,0
./data/box/717.jpg 759,148,1018,827,0
./data/box/1.jpg 722,223,1018,918,0
./data/box/485.jpg 705,98,1018,831,0
./data/box/482.jpg 684,102,1018,798,0
./data/box/384.jpg 905,168,1230,943,0
./data/box/627.jpg 718,231,1043,956,0
./data/box/118.jpg 784,206,1030,889,0
./data/box/590.jpg 759,64,1072,885,0
./data/box/114.jpg 788,202,1022,898,0
./data/box/165.jpg 793,177,1068,818,0
./data/box/125.jpg 805,198,1038,881,0
./data/box/411.jpg 776,152,1076,906,0
./data/box/339.jpg 793,173,1051,843,0
./data/box/552.jpg 651,93,947,793,0
./data/box/550.jpg 647,77,913,789,0
./data/box/701.jpg 788,139,1013,818,0
./data/box/496.jpg 693,106,1005,806,0
./data/box/687.jpg 738,164,1001,881,0
./data/box/27.jpg 726,218,1055,931,0
./data/box/380.jpg 930,202,1247,977,0
./data/box/364.jpg 838,173,1076,893,0
./data/box/153.jpg 797,185,1034,827,0
./data/box/34.jpg 722,223,1059,935,0
./data/box/270.jpg 947,106,1222,810,0
./data/box/579.jpg 772,106,1026,835,0
./data/box/572.jpg 768,98,1043,852,0
./data/box/699.jpg 763,148,1018,827,0
./data/box/651.jpg 788,114,1034,785,0
./data/box/207.jpg 851,173,1118,877,0
./data/box/23.jpg 747,206,1022,910,0
./data/box/262.jpg 922,114,1247,802,0
./data/box/630.jpg 713,214,1055,943,0
./data/box/418.jpg 747,152,1076,848,0
./data/box/253.jpg 905,118,1193,793,0
./data/box/582.jpg 776,127,1072,848,0
./data/box/104.jpg 772,206,1034,885,0
./data/box/338.jpg 793,189,1059,848,0
./data/box/345.jpg 776,177,1072,864,0
./data/box/96.jpg 768,198,1018,877,0
./data/box/667.jpg 788,156,1034,873,0
./data/box/309.jpg 876,139,1155,768,0
./data/box/676.jpg 751,139,1030,843,0
./data/box/427.jpg 672,85,1013,789,0
./data/box/200.jpg 830,160,1134,839,0
./data/box/557.jpg 726,73,976,798,0
./data/box/176.jpg 780,177,1072,835,0
./data/box/204.jpg 847,173,1122,856,0
./data/box/538.jpg 593,60,901,756,0
./data/box/372.jpg 909,185,1201,948,0
./data/box/583.jpg 763,118,1055,877,0
./data/box/362.jpg 801,177,1063,877,0
./data/box/73.jpg 751,202,1005,881,0
./data/box/66.jpg 738,193,1047,910,0
./data/box/219.jpg 838,160,1080,818,0
./data/box/477.jpg 697,118,1009,802,0
./data/box/518.jpg 734,110,1038,789,0
./data/box/460.jpg 668,85,980,798,0
./data/box/456.jpg 618,48,1013,827,0
./data/box/714.jpg 747,131,1034,823,0
./data/box/178.jpg 793,173,1072,831,0
./data/box/258.jpg 922,110,1184,802,0
./data/box/70.jpg 751,206,1018,877,0
./data/box/366.jpg 847,193,1130,918,0
./data/box/330.jpg 788,185,1130,856,0
./data/box/208.jpg 863,168,1143,852,0
./data/box/291.jpg 947,131,1209,806,0
./data/box/570.jpg 747,93,1030,835,0
./data/box/293.jpg 922,135,1218,781,0
./data/box/141.jpg 813,173,1043,848,0
./data/box/195.jpg 834,139,1105,823,0
./data/box/520.jpg 693,81,1009,789,0
./data/box/91.jpg 776,210,997,868,0
./data/box/653.jpg 788,110,1047,798,0
./data/box/221.jpg 830,148,1101,827,0
./data/box/331.jpg 822,164,1084,860,0
./data/box/575.jpg 776,110,1043,831,0
./data/box/295.jpg 934,127,1201,802,0
./data/box/42.jpg 734,206,1022,893,0
./data/box/435.jpg 659,110,993,831,0
./data/box/710.jpg 776,131,1013,835,0
./data/box/225.jpg 826,160,1113,814,0
./data/box/360.jpg 784,156,1072,881,0
./data/box/599.jpg 743,156,1072,877,0
./data/box/657.jpg 805,143,1051,852,0
./data/box/109.jpg 776,202,1034,889,0
./data/box/439.jpg 655,127,1022,827,0
./data/box/568.jpg 759,93,1038,831,0
./data/box/592.jpg 747,110,1072,852,0
./data/box/228.jpg 822,160,1105,831,0
./data/box/430.jpg 618,85,1043,789,0
./data/box/287.jpg 930,123,1201,789,0
./data/box/369.jpg 884,202,1143,918,0
./data/box/288.jpg 918,123,1218,789,0
./data/box/692.jpg 722,164,1043,864,0
./data/box/196.jpg 838,148,1113,806,0
./data/box/89.jpg 772,210,1001,877,0
./data/box/636.jpg 755,185,1030,889,0
./data/box/180.jpg 793,173,1080,839,0
./data/box/190.jpg 788,143,1088,823,0
./data/box/212.jpg 863,173,1134,848,0
./data/box/174.jpg 801,173,1038,831,0
./data/box/509.jpg 768,127,1097,798,0
./data/box/167.jpg 780,168,1059,827,0
./data/box/289.jpg 934,118,1193,785,0
./data/box/234.jpg 818,139,1109,823,0
./data/box/251.jpg 897,110,1188,802,0
./data/box/437.jpg 663,127,1018,823,0
./data/box/483.jpg 709,123,1001,831,0
./data/box/243.jpg 859,148,1138,810,0
./data/box/162.jpg 797,189,1051,852,0
./data/box/106.jpg 788,193,1013,893,0
./data/box/255.jpg 926,123,1176,798,0
./data/box/138.jpg 809,168,1072,823,0
./data/box/241.jpg 851,127,1138,789,0
./data/box/282.jpg 938,127,1201,823,0
./data/box/399.jpg 797,148,1122,960,0
./data/box/600.jpg 784,160,1059,910,0
./data/box/6.jpg 713,223,1034,889,0
./data/box/702.jpg 763,148,1022,823,0
./data/box/348.jpg 784,168,1043,843,0
./data/box/26.jpg 743,206,1055,927,0
./data/box/686.jpg 713,160,1013,868,0
./data/box/571.jpg 776,123,1026,818,0
./data/box/620.jpg 743,214,1063,931,0
./data/box/198.jpg 826,152,1118,823,0
./data/box/578.jpg 784,110,1043,823,0
./data/box/16.jpg 747,210,1013,918,0
./data/box/350.jpg 784,181,1059,860,0
./data/box/286.jpg 918,127,1226,793,0
./data/box/514.jpg 768,106,1084,798,0
./data/box/41.jpg 730,223,1038,898,0
./data/box/500.jpg 713,110,1051,814,0
./data/box/458.jpg 647,85,1005,789,0
./data/box/377.jpg 926,202,1238,935,0
./data/box/80.jpg 759,202,1001,881,0
./data/box/481.jpg 688,110,1013,798,0
./data/box/709.jpg 763,143,1034,831,0
./data/box/111.jpg 776,210,1026,893,0
./data/box/455.jpg 643,98,1022,777,0
./data/box/205.jpg 859,185,1138,856,0
./data/box/37.jpg 747,218,1018,918,0
./data/box/545.jpg 630,73,909,773,0
./data/box/139.jpg 805,177,1055,818,0
./data/box/446.jpg 676,114,984,785,0
./data/box/567.jpg 755,98,1043,835,0
./data/box/700.jpg 788,139,1005,810,0
./data/box/521.jpg 684,93,1026,773,0
./data/box/305.jpg 905,139,1180,806,0
./data/box/83.jpg 768,206,1009,893,0
./data/box/414.jpg 768,156,1076,885,0
./data/box/312.jpg 888,152,1155,802,0
./data/box/328.jpg 838,206,1101,848,0
./data/box/18.jpg 751,218,1013,939,0
./data/box/277.jpg 909,118,1226,789,0
./data/box/548.jpg 626,85,913,777,0
./data/box/542.jpg 576,64,934,764,0
./data/box/601.jpg 780,152,1043,948,0
./data/box/175.jpg 805,173,1072,864,0
./data/box/164.jpg 801,164,1055,831,0
./data/box/367.jpg 855,168,1118,914,0
./data/box/553.jpg 668,98,951,785,0
./data/box/715.jpg 788,127,1022,823,0
./data/box/122.jpg 805,193,1047,902,0
./data/box/419.jpg 759,131,1063,831,0
./data/box/591.jpg 759,64,1109,889,0
./data/box/213.jpg 847,173,1134,860,0
./data/box/64.jpg 751,210,1038,889,0
./data/box/661.jpg 780,173,1093,873,0
./data/box/9.jpg 743,227,1005,898,0
./data/box/711.jpg 768,135,1013,818,0
./data/box/527.jpg 634,60,938,752,0
./data/box/696.jpg 738,152,1022,831,0
./data/box/393.jpg 830,148,1168,948,0
./data/box/30.jpg 722,218,1068,914,0
./data/box/531.jpg 605,64,922,756,0
./data/box/35.jpg 751,206,1009,927,0
./data/box/484.jpg 659,98,1022,806,0
./data/box/693.jpg 743,152,1034,860,0
./data/box/641.jpg 751,152,1009,843,0
./data/box/116.jpg 788,202,1038,893,0
./data/box/363.jpg 826,185,1088,923,0
./data/box/400.jpg 763,139,1143,956,0
./data/box/193.jpg 818,152,1097,798,0
./data/box/448.jpg 672,89,1022,781,0
./data/box/217.jpg 834,156,1118,839,0
./data/box/648.jpg 797,135,1026,781,0
./data/box/172.jpg 797,168,1043,827,0
./data/box/708.jpg 763,131,1030,814,0
./data/box/269.jpg 905,123,1276,802,0
./data/box/703.jpg 763,143,1013,827,0
./data/box/475.jpg 705,102,1009,814,0
./data/box/449.jpg 663,68,1009,777,0
./data/box/506.jpg 759,106,1076,793,0
./data/box/240.jpg 838,143,1109,823,0
./data/box/688.jpg 726,168,1009,877,0
./data/box/20.jpg 755,210,1013,914,0
./data/box/425.jpg 693,64,1030,773,0
./data/box/123.jpg 788,210,1047,889,0
./data/box/680.jpg 718,143,1013,868,0
./data/box/499.jpg 722,114,1013,798,0
./data/box/189.jpg 801,135,1080,823,0
./data/box/491.jpg 672,114,1022,802,0
./data/box/452.jpg 655,93,1022,777,0
./data/box/12.jpg 738,210,1026,943,0
./data/box/7.jpg 751,214,1005,918,0
./data/box/120.jpg 776,210,1047,902,0
./data/box/218.jpg 826,148,1122,839,0
./data/box/707.jpg 772,131,1022,810,0
./data/box/513.jpg 768,110,1101,802,0
./data/box/33.jpg 734,206,1026,914,0
./data/box/179.jpg 801,173,1059,823,0
./data/box/529.jpg 605,56,930,743,0
./data/box/235.jpg 830,143,1088,806,0
./data/box/76.jpg 747,202,1022,889,0
./data/box/137.jpg 822,160,1059,818,0
./data/box/409.jpg 738,160,1101,902,0
./data/box/214.jpg 838,148,1134,831,0
./data/box/36.jpg 747,218,1022,914,0
./data/box/81.jpg 763,214,1009,885,0
./data/box/398.jpg 813,148,1143,943,0
./data/box/390.jpg 851,152,1176,960,0
./data/box/421.jpg 734,106,1055,823,0
./data/box/152.jpg 788,193,1038,814,0
./data/box/389.jpg 855,164,1222,952,0
./data/box/77.jpg 763,202,1009,885,0
./data/box/307.jpg 909,152,1159,798,0
./data/box/585.jpg 784,118,1034,860,0
./data/box/616.jpg 772,239,1013,935,0
./data/box/238.jpg 838,152,1097,818,0
./data/box/459.jpg 651,89,1005,773,0
./data/box/631.jpg 730,223,1022,931,0
./data/box/110.jpg 780,202,1026,889,0
./data/box/403.jpg 768,143,1093,910,0
./data/box/146.jpg 805,193,1051,823,0
./data/box/392.jpg 859,156,1163,935,0
./data/box/142.jpg 813,173,1047,818,0
./data/box/634.jpg 747,214,1013,898,0
./data/box/223.jpg 847,135,1084,835,0
./data/box/67.jpg 743,198,1034,906,0
./data/box/356.jpg 759,135,1051,852,0
./data/box/87.jpg 759,202,1022,898,0
./data/box/210.jpg 872,185,1147,814,0
./data/box/197.jpg 851,139,1122,802,0
./data/box/355.jpg 768,156,1043,860,0
./data/box/359.jpg 793,160,1055,868,0
./data/box/232.jpg 834,160,1093,814,0
./data/box/562.jpg 747,77,1013,818,0
./data/box/546.jpg 601,85,918,768,0
./data/box/498.jpg 722,102,1005,785,0
./data/box/617.jpg 734,235,1030,960,0
./data/box/501.jpg 718,110,1026,793,0
./data/box/468.jpg 693,118,984,814,0
./data/box/614.jpg 788,214,1038,960,0
./data/box/13.jpg 759,214,1005,910,0
./data/box/589.jpg 768,118,1038,852,0
./data/box/536.jpg 580,52,913,752,0
./data/box/626.jpg 734,231,1030,952,0
./data/box/633.jpg 734,235,1022,910,0
./data/box/321.jpg 851,185,1118,835,0
./data/box/639.jpg 755,173,1005,868,0
./data/box/643.jpg 755,135,1043,818,0
./data/box/135.jpg 813,160,1043,835,0
./data/box/55.jpg 730,193,1043,893,0
./data/box/99.jpg 784,202,1005,885,0
./data/box/256.jpg 905,123,1218,785,0
./data/box/664.jpg 801,193,1047,848,0
./data/box/451.jpg 626,93,1022,785,0
./data/box/563.jpg 751,89,1051,835,0
./data/box/511.jpg 772,114,1072,835,0
./data/box/433.jpg 651,106,980,802,0
./data/box/534.jpg 593,43,901,743,0
./data/box/206.jpg 822,189,1134,848,0
./data/box/140.jpg 822,173,1051,814,0
./data/box/257.jpg 918,114,1218,798,0
./data/box/154.jpg 797,189,1055,818,0
./data/box/334.jpg 809,181,1076,839,0
./data/box/74.jpg 763,210,997,877,0
./data/box/397.jpg 822,143,1130,948,0
./data/box/303.jpg 893,135,1163,798,0
./data/box/103.jpg 780,202,1018,898,0
./data/box/306.jpg 905,152,1163,814,0
./data/box/391.jpg 859,156,1172,948,0
./data/box/259.jpg 909,123,1218,806,0
./data/box/461.jpg 680,102,1013,810,0
./data/box/267.jpg 943,106,1247,785,0
./data/box/237.jpg 838,156,1109,810,0
./data/box/669.jpg 788,143,1026,873,0
./data/box/684.jpg 726,156,1009,877,0
./data/box/488.jpg 701,110,1018,806,0
./data/box/610.jpg 734,235,1043,952,0
./data/box/170.jpg 801,164,1034,852,0
./data/box/652.jpg 784,114,1059,806,0
./data/box/473.jpg 672,114,1001,789,0
./data/box/52.jpg 747,210,1034,927,0
./data/box/660.jpg 805,189,1059,873,0
./data/box/226.jpg 818,143,1118,843,0
./data/box/31.jpg 738,218,1047,906,0
./data/box/285.jpg 938,131,1238,814,0
./data/box/678.jpg 747,135,1013,852,0
./data/box/245.jpg 868,139,1147,793,0
./data/box/71.jpg 730,202,1022,881,0
./data/box/325.jpg 830,181,1113,856,0
./data/box/486.jpg 688,93,1005,798,0
./data/box/278.jpg 930,123,1226,789,0
./data/box/378.jpg 930,189,1243,964,0
./data/box/54.jpg 768,202,1018,918,0
./data/box/445.jpg 655,93,1018,806,0
./data/box/113.jpg 784,206,1022,885,0
./data/box/535.jpg 597,35,893,735,0
./data/box/638.jpg 763,198,1026,860,0
./data/box/8.jpg 718,206,1018,910,0
./data/box/229.jpg 826,152,1088,818,0
./data/box/244.jpg 863,139,1155,798,0
./data/box/220.jpg 834,148,1105,839,0
./data/box/319.jpg 859,173,1130,818,0
./data/box/629.jpg 759,214,1013,931,0
./data/box/420.jpg 722,110,1072,814,0
./data/box/105.jpg 768,193,1026,885,0
./data/box/453.jpg 651,93,984,760,0
./data/box/413.jpg 772,152,1084,923,0
./data/box/532.jpg 601,56,922,743,0
./data/box/690.jpg 726,148,1018,835,0
./data/box/494.jpg 676,106,1013,802,0
./data/box/349.jpg 768,173,1072,827,0
./data/box/423.jpg 688,102,1059,793,0
./data/box/185.jpg 805,156,1076,802,0
./data/box/322.jpg 834,181,1109,852,0
./data/box/489.jpg 684,110,1001,773,0
./data/box/658.jpg 809,168,1047,843,0
./data/box/150.jpg 801,189,1047,823,0
./data/box/310.jpg 888,152,1143,831,0
./data/box/621.jpg 743,223,1063,943,0
./data/box/551.jpg 647,68,947,773,0
./data/box/672.jpg 784,139,1022,852,0
./data/box/126.jpg 793,206,1047,881,0
./data/box/224.jpg 822,148,1122,839,0
./data/box/370.jpg 901,198,1172,902,0
./data/box/32.jpg 722,210,1009,923,0
./data/box/622.jpg 747,223,1026,939,0
./data/box/365.jpg 847,189,1109,889,0
./data/box/304.jpg 913,152,1155,802,0
./data/box/665.jpg 780,173,1038,864,0
./data/box/584.jpg 793,93,1055,835,0
./data/box/671.jpg 776,139,1043,839,0
./data/box/565.jpg 776,123,1038,818,0
./data/box/612.jpg 759,243,1043,968,0
./data/box/192.jpg 813,135,1097,835,0
./data/box/313.jpg 872,152,1126,802,0
./data/box/298.jpg 913,156,1197,818,0
./data/box/656.jpg 809,131,1051,835,0
./data/box/347.jpg 793,173,1051,852,0
./data/box/145.jpg 801,181,1038,823,0
./data/box/315.jpg 872,160,1143,823,0
./data/box/98.jpg 780,210,1005,889,0
./data/box/316.jpg 863,164,1138,823,0
./data/box/556.jpg 684,68,1001,827,0
./data/box/272.jpg 905,131,1251,802,0
./data/box/169.jpg 797,164,1047,852,0
./data/box/394.jpg 822,156,1163,943,0
./data/box/311.jpg 888,148,1155,798,0
./data/box/544.jpg 605,64,901,777,0
./data/box/94.jpg 772,210,1001,902,0
./data/box/352.jpg 788,160,1026,835,0
./data/box/133.jpg 822,156,1047,852,0
./data/box/59.jpg 722,193,1047,927,0
./data/box/549.jpg 622,85,947,810,0
./data/box/412.jpg 772,156,1097,906,0
./data/box/402.jpg 776,139,1093,939,0
./data/box/587.jpg 768,77,1093,860,0
./data/box/86.jpg 772,198,1001,893,0
./data/box/466.jpg 672,102,1001,793,0
./data/box/628.jpg 734,235,1030,918,0
./data/box/712.jpg 776,139,1009,814,0
./data/box/447.jpg 651,98,1005,793,0
./data/box/357.jpg 768,148,1072,864,0
./data/box/429.jpg 643,85,1013,802,0
./data/box/603.jpg 663,210,1118,931,0
./data/box/522.jpg 663,93,1009,764,0
./data/box/386.jpg 905,152,1222,948,0
./data/box/682.jpg 730,139,1018,881,0
./data/box/695.jpg 713,160,1063,843,0
./data/box/508.jpg 747,93,1063,831,0
./data/box/292.jpg 926,127,1213,781,0
./data/box/239.jpg 851,135,1122,810,0
./data/box/51.jpg 730,189,1026,927,0
./data/box/25.jpg 751,202,1038,948,0
./data/box/129.jpg 805,177,1063,856,0
./data/box/436.jpg 655,135,1001,835,0
./data/box/432.jpg 655,89,988,814,0
./data/box/376.jpg 934,210,1230,943,0
./data/box/573.jpg 784,106,1026,831,0
./data/box/405.jpg 759,135,1093,927,0
./data/box/351.jpg 793,156,1034,848,0
./data/box/649.jpg 801,123,1001,777,0
./data/box/281.jpg 938,127,1230,806,0
./data/box/82.jpg 763,198,993,898,0
./data/box/136.jpg 813,160,1034,843,0
./data/box/697.jpg 722,148,1063,843,0
./data/box/61.jpg 747,189,1009,902,0
./data/box/598.jpg 751,131,1068,902,0
./data/box/279.jpg 930,131,1222,802,0
./data/box/604.jpg 743,218,1055,931,0
./data/box/3.jpg 730,214,1022,927,0
./data/box/471.jpg 676,127,1022,793,0
./data/box/415.jpg 763,148,1088,877,0
./data/box/668.jpg 797,143,1043,885,0
./data/box/194.jpg 838,143,1109,814,0
./data/box/541.jpg 584,48,901,773,0
./data/box/266.jpg 938,110,1263,773,0
./data/box/161.jpg 797,177,1063,823,0
./data/box/92.jpg 776,202,1005,881,0
./data/box/112.jpg 776,202,1043,885,0
./data/box/434.jpg 655,123,997,802,0
./data/box/148.jpg 805,193,1055,814,0
./data/box/276.jpg 938,131,1238,793,0
./data/box/215.jpg 851,164,1138,831,0
./data/box/609.jpg 759,235,1034,956,0
./data/box/11.jpg 751,210,993,914,0
./data/box/265.jpg 951,118,1234,793,0
./data/box/60.jpg 738,214,1055,898,0
./data/box/465.jpg 676,110,1009,798,0
./data/box/375.jpg 938,198,1226,948,0
./data/box/480.jpg 697,118,997,814,0
./data/box/119.jpg 797,206,1038,902,0
./data/box/476.jpg 697,127,1001,793,0
./data/box/19.jpg 718,214,1026,952,0
./data/box/15.jpg 738,223,1022,939,0
./data/box/593.jpg 784,102,1063,856,0
./data/box/670.jpg 784,152,1034,864,0
./data/box/95.jpg 776,202,1001,889,0
./data/box/280.jpg 918,135,1213,831,0
./data/box/469.jpg 697,123,997,823,0
./data/box/341.jpg 801,177,1047,843,0
./data/box/516.jpg 759,93,1068,789,0
./data/box/540.jpg 576,43,893,756,0
./data/box/442.jpg 663,110,1009,810,0
./data/box/191.jpg 813,127,1084,827,0
./data/box/681.jpg 722,123,1009,873,0
./data/box/68.jpg 743,189,1030,893,0
./data/box/654.jpg 793,114,1055,802,0
./data/box/131.jpg 818,177,1047,843,0
./data/box/249.jpg 884,123,1176,818,0
./data/box/618.jpg 751,239,1038,914,0
./data/box/216.jpg 838,173,1130,827,0
./data/box/0.jpg 751,227,993,918,0
./data/box/58.jpg 713,177,1055,910,0
./data/box/526.jpg 638,60,951,773,0
./data/box/159.jpg 797,177,1059,839,0
./data/box/588.jpg 743,127,1076,873,0
./data/box/644.jpg 743,131,1018,818,0
./data/box/354.jpg 797,164,1047,848,0
./data/box/299.jpg 926,139,1188,802,0
./data/box/340.jpg 784,173,1059,881,0
./data/box/203.jpg 843,160,1126,823,0
./data/box/63.jpg 738,198,1043,918,0
./data/box/530.jpg 609,68,930,739,0
./data/box/528.jpg 613,77,963,773,0
./data/box/84.jpg 759,214,993,885,0
./data/box/505.jpg 755,110,1068,802,0
./data/box/242.jpg 855,127,1122,814,0
./data/box/594.jpg 763,114,1093,881,0
./data/box/147.jpg 801,193,1043,827,0
./data/box/44.jpg 709,206,1038,923,0
./data/box/555.jpg 688,73,968,798,0
./data/box/596.jpg 772,123,1051,910,0
./data/box/635.jpg 730,206,1022,902,0
./data/box/368.jpg 884,185,1143,923,0
./data/box/404.jpg 747,143,1084,918,0
./data/box/10.jpg 759,227,1001,918,0
./data/box/479.jpg 701,127,1013,814,0
./data/box/209.jpg 863,173,1138,839,0
./data/box/383.jpg 905,177,1209,939,0
./data/box/581.jpg 734,106,1055,856,0
./data/box/246.jpg 880,135,1155,785,0
./data/box/65.jpg 751,193,1034,893,0
./data/box/554.jpg 684,89,963,785,0
./data/box/440.jpg 634,135,1051,835,0
./data/box/361.jpg 797,164,1063,889,0
./data/box/547.jpg 618,98,926,777,0
./data/box/296.jpg 934,143,1209,806,0
./data/box/533.jpg 597,52,901,735,0
./data/box/233.jpg 847,160,1076,814,0
./data/box/410.jpg 772,152,1080,898,0
./data/box/470.jpg 672,106,1026,814,0
./data/box/47.jpg 722,206,1043,902,0
./data/box/464.jpg 676,106,993,802,0
./data/box/46.jpg 738,210,1018,918,0
./data/box/640.jpg 738,164,1038,848,0
./data/box/297.jpg 934,139,1197,818,0
./data/box/211.jpg 847,173,1130,831,0
./data/box/202.jpg 818,168,1130,852,0
./data/box/62.jpg 684,210,1097,910,0
./data/box/101.jpg 788,218,1005,881,0
./data/box/21.jpg 751,223,1018,906,0
./data/box/625.jpg 738,248,1051,927,0
./data/box/495.jpg 701,102,1018,798,0
./data/box/523.jpg 659,73,988,773,0
./data/box/385.jpg 880,173,1218,952,0
./data/box/188.jpg 793,152,1080,806,0
./data/box/4.jpg 722,218,1034,927,0
./data/box/320.jpg 855,164,1130,843,0
./data/box/158.jpg 801,189,1051,835,0
./data/box/597.jpg 768,139,1093,881,0
./data/box/472.jpg 676,127,1038,827,0
./data/box/577.jpg 768,114,1030,860,0
./data/box/100.jpg 776,202,1022,902,0
./data/box/90.jpg 759,206,1018,898,0
./data/box/149.jpg 805,202,1051,806,0
./data/box/177.jpg 797,185,1080,843,0
./data/box/336.jpg 813,193,1068,852,0
./data/box/300.jpg 897,139,1180,814,0
./data/box/611.jpg 751,248,1051,977,0
./data/box/444.jpg 655,110,1018,802,0
./data/box/337.jpg 805,173,1059,848,0
